[
  {
    "img": "img/bed/0001.png",
    "category": "bed",
    "img_size": [
      395,
      244
    ],
    "rot_mat": [
      [
        0.7813941591465821,
        0.00095539348511137,
        -0.6240370624208909
      ],
      [
        0.17456672296585038,
        0.9597407704535225,
        0.2200547949085482
      ],
      [
        0.5991240499968018,
        -0.2808856364297893,
        0.749769052417384
      ]
    ],
    "trans_mat": [
      -0.00024347016915001151,
      0.09068297313399999,
      1.15264868244
    ]
  },
  {
    "img": "img/bed/0002.png",
    "category": "bed",
    "img_size": [
      1007,
      599
    ],
    "rot_mat": [
      [
        0.6331473196939317,
        0.08400992130502279,
        -0.7694587738707735
      ],
      [
        0.25775187892541845,
        0.9144734203293744,
        0.3119332178872773
      ],
      [
        0.7298550818311856,
        -0.39582912554967337,
        0.5573426799481394
      ]
    ],
    "trans_mat": [
      0.025652375712099995,
      0.0434050556712,
      1.1086289071600002
    ]
  },
  {
    "img": "img/bed/0003.png",
    "category": "bed",
    "img_size": [
      372,
      292
    ],
    "rot_mat": [
      [
        0.9337851369875168,
        0.004246139989357373,
        -0.35780901083733935
      ],
      [
        0.0764082738862981,
        0.9745017464044287,
        0.21096948105457144
      ],
      [
        0.34958131189026814,
        -0.22433973466577317,
        0.9096508065335673
      ]
    ],
    "trans_mat": [
      0.05160487022685999,
      0.0022441725076000067,
      0.8154178659799993
    ]
  },
  {
    "img": "img/bed/0004.png",
    "category": "bed",
    "img_size": [
      1063,
      755
    ],
    "rot_mat": [
      [
        0.5029912563246631,
        0.09073372306215703,
        -0.8595156703401149
      ],
      [
        0.22321841778167886,
        0.9470975684997696,
        0.23060731494223674
      ],
      [
        0.8349690617166489,
        -0.3078531910523324,
        0.45612835774035704
      ]
    ],
    "trans_mat": [
      0.02463177822849999,
      0.0738148517616,
      1.09891375113
    ]
  },
  {
    "img": "img/bed/0005.png",
    "category": "bed",
    "img_size": [
      414,
      449
    ],
    "rot_mat": [
      [
        0.7883156484286317,
        -0.04024974826747893,
        0.6139530895817289
      ],
      [
        -0.1335898118173161,
        0.9628561389262672,
        0.23465254720674797
      ],
      [
        -0.6005932072719105,
        -0.2669981526086006,
        0.7536576052044022
      ]
    ],
    "trans_mat": [
      -0.205655543756,
      0.057996630364799975,
      1.63634209152
    ]
 }
]
